David's ramp settings
Shunt:
sub		wvf		int		fin		dwell		dur		tau
0		con		0		0		100			1900
1		con		0		0		0.1			154.2
2		con		0		0		0.1			0.4
3		con		10		0		10			700
4		lin		10		5.5		10			200
5		con		5.5		-0.2	10			300
6		lin		5.5		-0.05	10			250
7		con 	-0.05	0		500			16000
8		lin		-0.05	0.2971	5			195
9	 	lin		0.2971	0.4773	5			195
10		lin		0.4773	0.5866	5			195
11		lin		0.5866	0.6529	5			195
12		lin		0.6529	0.6931	5			195
13		lin		0.6931	0.7175	5			195
14		lin		0.7175	0.7323	5			195
15		lin		0.7323	0.7413	5			195
16 		lin		0.7413	0.7467	5			195
17		lin		0.7467	0.75	5			200
18		con		0.75	0		5			1290
19		con		0.75	0		0.1			14
20		exp		0.75	0.78	0.1			0.8		0.2

Quad:
sub		wvf		int		fin		dwell		dur		tau
0		con		1.4		0		100			1900
1		con		1.4		0		0.1			154.2
2		con		1.4		0		0.1			0.4
3		con		5.25	5.25	10			700
4		lin		5.25	7.2		10			200
5		con		7.2		0		10			300
6		lin		7.2		5.74	10			250
7		con		5.74	7.71	100			6900
8		lin		5.74	3.4		20			1000
9		con		3.4		3.6		50			7600
10		con		3.4		-0.2	0.1			39
11		con		3.4		-0.2	100			700
12		lin		3.4		1.9752	5			195
13		lin		1.9752	1.1933	5			195
14		lin		1.1933	0.7642	5			195
15		lin		0.7642	0.5286	5			195
16		lin		0.5286	0.3994	5			195
17		lin		0.3994	0.3285	5			195
18		lin		0.3285	0.2895	5			195
19		lin		0.2895	0.2682	5			195
20		lin		0.2682	0.2564	5			195
21		lin		0.2564	0.25	5			200
22		con		0.25	0		100			1200
23		exp		0.25	0.26	0.1			0.8		0.2
